3 11  2
6 4  3
3 5  5
2 4  1
3 3  13
4 3  3
4 4  14
4 5  4
5 4  5
5 2  1
7 5  5
6 5  7
8 5  15
8 6  7
8 4  2
8 3  6
9 3  5
9 6  5
9 4  13
10 4  1
11 3  5
2 9  5
3 12  7
4 10  1
4 12  5
5 12  5
5 9  2
5 10  7
6 8  1
6 10  13
6 12  3
6 13  2
7 9  2
7 10  13
7 11  2
8 9  1
8 13  5
9 13  4
9 10  6
9 11  14
9 12  2
10 9  2
10 10  15
10 11  4
11 11  5
2 16  5
3 16  13
4 16  5
5 16  5
6 16  5
7 16  3
7 17  2
7 18  2
7 19  2
7 20  2
7 21  2
2 18  5
3 18  5
4 18  5
5 18  3
5 19  2
5 20  13
5 21  2
4 20  1
2 20  13
3 21  2
9 17  6
9 18  2
9 19  2
9 20  7
10 17  13
10 18  13
11 17  5
10 20  5
11 19  1
8 11  16
8 12  16
7 12  16
7 13  16
2 10  17
2 11  17
2 12  17
3 10  17

