  2 3  5
  4 2  2
  4 3  2
  4 4  2
  3 5  5
  4 5  4
  2 5  13
  6 5  2
  6 3  2
  6 2  2
  6 6  2
  6 4  13
  6 7  4
  3 7  5
  2 7  5
  4 7  5
  5 7  5
  9 3  1
  9 2  5
  10 2  4
  10 4  3
  11 5  5
  10 5  7
  10 9  5
  11 9  5
  11 5  5
  10 10  13
  2 10  13
  3 10  5
  4 10  5
  3 12  5
  2 12  13
  4 12  5
  5 11  14
  5 10  3
  5 12  4
  6 11  5
  7 11  5
  8 11  5
  9 11  5
  10 11  5
  11 11  5
  5 15  5
  6 15  13
  7 15  5
  8 15  5
  9 15  5
  10 15  5
  11 15  5
  2 15  5
  3 15  5
  4 15  5
  3 20  5
  8 18  5
  9 18  5
  5 19  5
  7 19  15
  7 20  2
  7 21  13
  4 20  4
  10 18  4
  7 18  6
  4 19  6
  6 19  5
  11 20  5
  2 20  13
  11 10  12
  8 7 19
  8 9 19
  9 7 19
  9 5 19