   4   2    5
   5   2    5
   7   2    5
   10   2    2
   2   4    5
   3   4    5
   4   4    5
   5   4    5
   7   4    5
   9   3    1
   9   4    1
   7   5    2
   5   6    5
   6   6    5
   7   6  4
   10   5   5
   11   5 5
   3   9   5
   4   9   3
   4   10   2
   5   11   5
   3   12   5
   4   12   4
   5   14   2
   8   14   2
   8   15 2
   3   16  2
   6   16   5
   7   16   5
   8   16   4
   2   18   5
   3   18  4
   5   18   6
   6   18   5
   5   19   2
   5   20   2
   5   21   2
   5   3   13
   6   3   1
   3   15    13
   4   15   1
   5   15 13
   3   17   13
   4   17   1
   5   17 13
   9   21   2
   9   19   1
   9   18   1
   8   19   1
   11   17   5
   10   17   5
   8  13 19
   9 11 19
   7 9 19